,idx,fuel_kg,mtow,mlw,oew,mfc,vmo,mmo,ceiling,pax_max,pax_low,pax_high,fuselage_length,fuselage_height,fuselage_width,wing_area,wing_span,wing_mac,wing_sweep,wing_t/c,flaps_area,flaps_bf/b,flaps_cf/c,flaps_Sf/S,cruise_mach,cruise_range,drag_cd0,drag_k,drag_e,drag_gears,fuel_fuel_coef,limits_MTOW,limits_MLW,limits_OEW,limits_MFC,limits_VMO,limits_MMO,limits_ceiling,clean_e,origin_longitude,origin_latitude,origin_elevation,origin_RWY_1_HEADING_a,origin_RWY_1_HEADING_b,origin_RWY_1_LENGTH,origin_RWY_2_HEADING_a,origin_RWY_2_HEADING_b,origin_RWY_2_LENGTH,origin_RWY_3_HEADING_a,origin_RWY_3_HEADING_b,origin_RWY_3_LENGTH,origin_RWY_4_HEADING_a,origin_RWY_4_HEADING_b,origin_RWY_4_LENGTH,origin_RWY_5_HEADING_a,origin_RWY_5_HEADING_b,origin_RWY_5_LENGTH,origin_RWY_6_HEADING_a,origin_RWY_6_HEADING_b,origin_RWY_6_LENGTH,origin_RWY_7_HEADING_a,origin_RWY_7_HEADING_b,origin_RWY_7_LENGTH,origin_RWY_8_HEADING_a,origin_RWY_8_HEADING_b,origin_RWY_8_LENGTH,destination_longitude,destination_latitude,destination_elevation,destination_RWY_1_HEADING_a,destination_RWY_1_HEADING_b,destination_RWY_1_LENGTH,destination_RWY_2_HEADING_a,destination_RWY_2_HEADING_b,destination_RWY_2_LENGTH,destination_RWY_3_HEADING_a,destination_RWY_3_HEADING_b,destination_RWY_3_LENGTH,destination_RWY_4_HEADING_a,destination_RWY_4_HEADING_b,destination_RWY_4_LENGTH,destination_RWY_5_HEADING_a,destination_RWY_5_HEADING_b,destination_RWY_5_LENGTH,destination_RWY_6_HEADING_a,destination_RWY_6_HEADING_b,destination_RWY_6_LENGTH,destination_RWY_7_HEADING_a,destination_RWY_7_HEADING_b,destination_RWY_7_LENGTH,destination_RWY_8_HEADING_a,destination_RWY_8_HEADING_b,destination_RWY_8_LENGTH,LF1,LF2,parked_fraction,takeoff_fraction,climb_fraction,cruise_fraction,descent_fraction,approach_fraction,landing_fraction,taxiing_fraction,takeoff_delta,landing_delta,mean_time_in_air,segment_duration_s,segment_distance_km,mean_vertical_rate,starting_altitude,ending_altitude,altitude_difference,std_vertical_rate,mean_track,std_track,num_trajectory_points,points_per_second
idx,1.0,-0.10295540879163895,-0.08142306977258618,-0.08454281026471999,-0.08346195615038257,-0.08662811029998549,-0.09763770156103878,-0.10498951424296075,-0.08891681828460225,-0.07714113905001997,-0.05954962487313696,-0.05770966705286321,-0.08986112981842918,-0.06983320425308959,-0.08643300149793834,-0.09158582667702383,-0.0917699699124916,-0.06721644156787927,-0.09556602544047235,0.11850284592431455,-0.07697671095797963,0.1926933294819279,0.1803926713474148,0.1724089858294689,-0.11574015933464608,-0.0840074420345329,-0.05318183315399903,-0.12583517969167624,0.011276667555696654,0.102447305938604,-0.13246440431819098,-0.08142306977258618,-0.08454281026471999,-0.08346195615038257,-0.08662811029998549,-0.09763770156103878,-0.10498951424296075,-0.08891681828460225,-0.10962208695327666,-0.05187983511454515,-0.10294162665982327,0.047544834499744885,-0.03724029604559912,-0.006903642633787099,0.028079103788871383,-0.01992936253874196,-0.07774233722524614,-0.015770775224701546,0.07500188428831521,-0.00435806573712746,0.06318441188295819,-0.02997839070456971,-0.003430359052762514,0.015642712478486025,-0.03192409768208324,-0.001363795123266452,0.1073278850992956,-0.02775604535564066,-0.01585153413944049,0.12408701559392836,-0.03724029604559912,-0.006903642633787099,0.02459283796323329,-0.03724029604559912,-0.006903642633787099,0.02635242410193446,-0.013716523192400455,-0.07627446000485182,-0.01266699780148717,-0.03066327810397554,0.057039556572435875,0.047765598023144375,-0.043347467715425775,-0.06773457066827145,-0.024485809843201575,0.0733557328543858,0.027087473833123297,0.014879285374202071,-0.05327306534345584,0.04181347006273135,-0.017469307501075927,-0.03416536633668556,0.055463740023351554,0.1037115078604337,-0.016736797632800633,0.035976134289327506,0.11758619129268788,-0.03066327810397554,0.057039556572435875,0.030159604340498834,-0.03066327810397554,0.057039556572435875,0.030002007737825426,-0.07324238323670794,-0.11838340933865275,,,0.01968430369647413,0.038174033293671736,0.012411026127921486,-0.049122055291734114,,-0.01495191153680795,-0.030440432214413955,-0.02304398835659118,-0.03480221100065368,-0.13419303247435582,-0.05133402174959238,-0.012186127092018644,-0.018647832821735315,-0.00823243261988715,0.022283732062605265,-0.003964815443304108,-0.06514899498255843,0.00041853014122028977,-0.024166219968978057,0.12309161923459967
fuel_kg,-0.10295540879163895,1.0,0.5714143815388533,0.5657499181742454,0.5638015585551028,0.5553414735289479,0.04664550005966954,0.5304050226531887,0.5262974670220958,0.5632662305946222,0.5675165176216328,0.5764673438702087,0.5620152216946117,0.5405622488467671,0.5460235997467469,0.5499416196913426,0.5396316273833115,0.5251182163598169,0.533770566434103,-0.5137065245763018,0.44596200550712867,-0.16434466441071047,-0.4012535504658356,-0.4503651900898262,0.529144195326781,0.5108796221188283,0.5057297358169393,0.5075983029989668,-0.39103513273613166,-0.4660772896811306,0.20302929128948882,0.5714143815388533,0.5657499181742454,0.5638015585551028,0.5553414735289479,0.04664550005966954,0.5304050226531887,0.5262974670220958,0.046105767927188644,0.2669649133305423,-0.031481529842510306,-0.12734064016022828,0.12503794047548328,0.04558258866108113,0.16432621530589858,0.1778770216680323,0.16558570190825186,0.15352294141271128,0.05787212889647763,0.06777268144210039,0.11620070884204911,0.10921870121765483,0.03665162635592291,0.11316867050243039,0.12358950701575226,0.050427434266524074,0.14696873801696772,0.09820440304382602,0.08778897707446713,0.12298954204928406,0.12503794047548328,0.04558258866108113,0.17257704926765982,0.12503794047548328,0.04558258866108113,0.17603537552753815,0.2866239618265149,-0.14132757921359584,-0.08146636971686973,0.08629403714537563,-0.05199206036055291,0.11918110950617603,0.11289457304353163,0.08414507285753196,0.09674612853401238,0.010824892799078566,-0.002440271921413411,0.06527316481857472,0.11964268216357414,-0.02714951121762313,0.18666823739140243,0.09586028707146728,-0.04218467480191976,0.10886070403630992,0.049894980409613876,-0.001569802526861817,0.08355330859537932,0.08629403714537563,-0.05199206036055291,0.13361695136435028,0.08629403714537563,-0.05199206036055291,0.13707226954234936,-0.030604870171874694,0.18879297644555787,,,0.018937793134362783,0.12674269750130962,-0.14245625229177267,-0.05884208128535698,,-0.012811092901641704,0.29104097239655335,0.36879917540346946,0.31268203355991137,0.8031142808302504,0.24877375397977455,0.07676845427614783,0.13728367982313447,0.17762090516761586,0.09723444281241936,-0.09758698820660464,-0.06298176181160986,-0.047438650763974265,0.062011300412451904,-0.34310535343654347
mtow,-0.08142306977258618,0.5714143815388533,1.0,0.9985375265945745,0.9986455967121214,0.9928083559113554,0.18591849080633074,0.9673126721636202,0.9156376490888709,0.9953249375578961,0.967028128758564,0.9636247149344901,0.9917461962508193,0.9848269185160173,0.99010520071048,0.9928889606032484,0.9859749492278245,0.9160799342491426,0.9798386093872475,-0.8777882751147422,0.6234587449032147,-0.3431119321681698,-0.7467525197710242,-0.8368403998716458,0.9673865510943596,0.9543298506365221,0.8412417213394634,0.8533983402364662,-0.621100823926474,-0.9142323884434131,0.4948840934322726,1.0,0.9985375265945745,0.9986455967121214,0.9928083559113554,0.18591849080633074,0.9673126721636202,0.9156376490888709,0.07533839879096708,0.629075868429719,-0.10228422583358754,-0.1901342555690896,0.2729780236038486,0.07352897897303744,0.3627748444756034,0.3591873986180123,0.33187947242465987,0.36103487780431903,0.22716089632906375,0.2133666763582177,0.31858943138156914,0.2825247625633161,0.0859451975785227,0.29264509431895,0.2840007551989746,0.08764140248885098,0.3716650440711595,0.2460025128298609,0.13032935947651447,0.3264091983623967,0.2729780236038486,0.07352897897303744,0.3836265580108708,0.2729780236038486,0.07352897897303744,0.38856492936283027,0.6595904819617875,-0.3397452671119114,-0.12633727097654918,0.24612071896374985,0.009177604133040206,0.26959336992824634,0.2544701757555162,0.22866986468837347,0.17531443804160968,0.20062916026627764,0.16837124209894047,0.15017372928214026,0.29997534441294876,0.052515112500557466,0.3905484169094563,0.26627035824168893,0.025419147100665437,0.29688214634814897,0.2296790597580354,0.05620059374340564,0.26338532763168554,0.24612071896374985,0.009177604133040206,0.30017353814529624,0.24612071896374985,0.009177604133040206,0.3029875882578179,-0.15177381873419268,0.271983543388463,,,-0.09299531424160706,0.2139092514680223,-0.14540797203276362,-0.07132922800954877,,-0.015497517681734246,0.5918514133317826,0.5854926716552177,0.5978146587682256,0.2959197306479658,0.10303933657896003,0.011520726315003662,0.25402259833010155,0.25198157733000726,0.008609395837757536,-0.2346443546530802,-0.18437026769543732,-0.12120916912473349,-0.25258106649170753,-0.5527274272070377
mlw,-0.08454281026471999,0.5657499181742454,0.9985375265945745,1.0,0.9989437955921564,0.995437797957815,0.19523607211534943,0.9668520484451939,0.9008767976309409,0.9943052470801158,0.95409638218817,0.951004402518772,0.9931996620936644,0.9825564912422168,0.9932668412765764,0.9940100111240388,0.9911060511090422,0.9192104199425065,0.9783742144735812,-0.868113054466282,0.5999433665818814,-0.35231269347151223,-0.765603310706682,-0.84506595369858,0.9688617745195692,0.9584269817441748,0.8466114422543283,0.8434906231764647,-0.6367588915772923,-0.9220988660028469,0.5277785828805871,0.9985375265945745,1.0,0.9989437955921564,0.995437797957815,0.19523607211534943,0.9668520484451939,0.9008767976309409,0.07880715993452923,0.6301145021399787,-0.10309277255975875,-0.1880635820093554,0.27360595532674165,0.07259786773822689,0.36489287840496865,0.36068316215894264,0.33210948527075385,0.36290175077973563,0.2294454461737982,0.21396260678462684,0.318821940079829,0.28378819438674424,0.08486333599695228,0.29343237633064606,0.28508402198403654,0.08671772236138368,0.3743897739893867,0.24699692203156526,0.12890665532560175,0.32874672888577355,0.27360595532674165,0.07259786773822689,0.3860147016385551,0.27360595532674165,0.07259786773822689,0.39081743873250047,0.6586252395450961,-0.34120944134730846,-0.12280074943246921,0.24638431180756068,0.010945168583606944,0.2695195616393649,0.2566748392751011,0.23135218847164182,0.17826984354070316,0.20236435500112457,0.17059938478556488,0.15223972787195578,0.30056086587963504,0.054333329832047826,0.3920594411838222,0.267031758817991,0.027338412728108167,0.2985355805237275,0.23165351126354689,0.05677816738855695,0.26559006568978705,0.24638431180756068,0.010945168583606944,0.3011247279804277,0.24638431180756068,0.010945168583606944,0.303825964327555,-0.148926811690585,0.27585019677620876,,,-0.09327748444866676,0.21400803747522004,-0.14518352851990546,-0.07170344773399591,,-0.014230291876422418,0.5927613192337083,0.5829129865273227,0.5985982667664119,0.29234623518261066,0.10287582022549673,0.011150808833295214,0.25641633861123647,0.2538639229187352,0.007591007610282086,-0.23652368058137618,-0.18540095462982215,-0.12221869975507237,-0.256839473623186,-0.5566115672781238
oew,-0.08346195615038257,0.5638015585551028,0.9986455967121214,0.9989437955921564,1.0,0.9938366616112096,0.19679869623324725,0.9709504870730529,0.9120919969461312,0.9932357571389405,0.9570152085654732,0.9538818463989248,0.9922736272625353,0.9860090785473365,0.9943023835514767,0.9966087616840565,0.9927090080229617,0.9079388442737264,0.9820090088133921,-0.8779953335178592,0.5956068500421288,-0.3400728259543988,-0.7601068762726018,-0.8396345148172139,0.973146446009876,0.9661519165336927,0.8327706189904989,0.8376344471023768,-0.6167072682807875,-0.9295594737172227,0.5126353590629195,0.9986455967121214,0.9989437955921564,1.0,0.9938366616112096,0.19679869623324725,0.9709504870730529,0.9120919969461312,0.08093896811054972,0.6284289692602135,-0.11221621713552934,-0.18484206300161865,0.27366177128193053,0.07326867835915633,0.36636551089303515,0.36267196333510693,0.33304697854360127,0.36744328434763684,0.23088051962257994,0.21438955469014787,0.32005531765149725,0.2843662502365647,0.08645075777729565,0.2935347481330963,0.2855474036205272,0.08808552452677769,0.37691201822450204,0.250454363435009,0.12670149143100584,0.33314169722575476,0.27366177128193053,0.07326867835915633,0.3873714021096117,0.27366177128193053,0.07326867835915633,0.3924456428807299,0.6583113704523256,-0.35071557084619015,-0.11937710797187072,0.24842346582730293,0.013296497584099426,0.27337928919686033,0.2581487289615966,0.23094169711381232,0.18013268330588486,0.20783984322193425,0.1729807659569744,0.15043728471980133,0.3018287038329561,0.05645810340295147,0.39126119212419114,0.269132456408699,0.030042592152648314,0.30262053880415385,0.23769908888418304,0.055430832709467685,0.2720810653817562,0.24842346582730293,0.013296497584099426,0.30433502699522175,0.24842346582730293,0.013296497584099426,0.30720632875172726,-0.1536298184899324,0.2745428743712674,,,-0.09265350424594307,0.2145135269961306,-0.1453109366807311,-0.07165033682318178,,-0.015917329271316907,0.5974527576424976,0.5896670637810958,0.6032765289592682,0.29376247014375745,0.1020214058161564,0.011193000032980866,0.2601788861594284,0.2579514445676854,0.008512034035606696,-0.23834887543360336,-0.19216297908396132,-0.12224619096479038,-0.2589320330971791,-0.5606060422104258
mfc,-0.08662811029998549,0.5553414735289479,0.9928083559113554,0.995437797957815,0.9938366616112096,1.0,0.2111728801154488,0.9621702970912333,0.8827853147394518,0.9924897508793503,0.9406258018761031,0.9349760112549635,0.9811246824503581,0.9828440998542157,0.9928284972136568,0.9891138844697241,0.9880922596876325,0.9422859740503131,0.9762058812653125,-0.8457816900707076,0.6219011288111638,-0.3775604229594652,-0.7587675684562819,-0.8429141350910624,0.9603189643633052,0.9559406814301364,0.8213837800474868,0.8274989868078663,-0.6055230011852637,-0.9228942616713077,0.5819673556889899,0.9928083559113553,0.9954377979578147,0.9938366616112098,1.0,0.2111728801154488,0.9621702970912333,0.8827853147394518,0.09286843416167362,0.6045597979387312,-0.10042363617430333,-0.1710224154361157,0.26367421497585597,0.05127296285661055,0.36472226974886485,0.34883879771430276,0.3205656111845744,0.37024560882932883,0.2185976335806289,0.20338801438226026,0.3142258719203679,0.2727339405835199,0.061759423298235784,0.29172992219156335,0.2762420272950772,0.06402841371786544,0.3768770081918152,0.2340901818680629,0.10852040142176073,0.3292514916061006,0.26367421497585597,0.05127296285661055,0.3881272112937949,0.26367421497585597,0.05127296285661055,0.39211458371919333,0.6303568994716,-0.3242779091152891,-0.10138807139283751,0.23962162160247089,-0.0058924342360666335,0.27176716180207333,0.25539062783101135,0.23083137667370962,0.19950772328202668,0.19281906652980876,0.16361716805874937,0.16080047938671638,0.29078703491970503,0.03509101338807484,0.3894282791520872,0.26042265057916836,0.009248578852358802,0.3020793713595212,0.22088475881554254,0.041598010495366426,0.26628286198799067,0.23962162160247089,-0.0058924342360666335,0.3044590028808486,0.23962162160247089,-0.0058924342360666335,0.3065999077806317,-0.1479249991615741,0.29088440205155264,,,-0.09152078866479506,0.2101788735336529,-0.13919777565697486,-0.0713741580919993,,-0.013944986215436236,0.5886610797764958,0.5730716613501726,0.5943176774893845,0.2851420538168218,0.10024204087661294,0.008395987299029552,0.2559367267058076,0.2533759539088539,0.007546795279635836,-0.233907616086178,-0.1819650283551544,-0.12109530798979698,-0.2561440935810618,-0.5521918415682807
vmo,-0.09763770156103878,0.04664550005966954,0.18591849080633074,0.19523607211534943,0.19679869623324725,0.2111728801154488,1.0,0.39946671850208,0.3637716468498201,0.18532786583130095,0.0714072547280532,0.03426955543140062,0.15482748916578112,0.2709461891320956,0.2571693377496002,0.21111626116509588,0.22948826738175282,0.20374353001319143,0.3411396851598759,-0.4681672804498681,0.30200600837112357,-0.14041159918004525,-0.23371097196113882,-0.23740121344196138,0.33952483822354457,0.3117123819554456,-0.16840187991415612,0.06250637204084472,0.3625302657490623,-0.29951910733757964,0.378514112123,0.18591849080633083,0.19523607211534952,0.1967986962332473,0.21117288011544869,1.0,0.39946671850208,0.3637716468498201,0.35018888903671885,0.06970334419385968,-0.03198151640686611,0.20063828744180331,0.15807374384662218,-0.06104714321834174,0.14009153875987682,0.14736103701212738,0.15959382425571636,0.17389105065110155,0.14184804538343745,0.1477136115547834,0.12559606133098727,0.17968053828847227,-0.038421400534499044,0.1333065458529489,0.16714625171740438,-0.06463023784721277,0.15014941496174694,0.1761202124655123,-0.08392221617310985,0.1421088456250376,0.15807374384662218,-0.06104714321834174,0.14873922447725269,0.15807374384662218,-0.06104714321834174,0.14487804382020955,0.04741893120331921,-0.12000690954073846,0.29022773489435727,0.20033250568402852,-0.044350923821828474,0.10511546575020025,0.17915886844760642,0.1816469270429725,0.12112514493939748,0.1866998002839673,0.17732875339357757,0.20175392011391938,0.21747547475168535,-0.024111829481969174,0.15260353981606598,0.20710506220559965,-0.04517794867449673,0.12365583531274131,0.21572659231176333,-0.06244288063294232,0.1151913145140288,0.20033250568402852,-0.044350923821828474,0.1150881884336274,0.20033250568402852,-0.044350923821828474,0.11240842614515799,0.01195963647481575,0.2666448993050144,,,-0.027274155881223033,0.04459464092975529,-0.008885854408644284,-0.024788819162526104,,-0.013637283317112342,0.11659830125386186,0.1943711479814776,0.11707615768798692,0.043671632678733745,0.00640771660995275,-0.010029066786803986,0.14721487483364087,0.1464629991646208,0.005953693662426716,-0.09518783450686431,-0.02423339048237223,-0.04446377956501178,-0.1448596000611765,-0.2598848464326266
mmo,-0.10498951424296075,0.5304050226531887,0.9673126721636202,0.9668520484451939,0.9709504870730529,0.9621702970912333,0.39946671850208,1.0,0.9572557391221725,0.9549314926036129,0.9112602624373914,0.8967687578879949,0.9547727666510198,0.9762261786489783,0.9794727818485772,0.9768721053490342,0.9729533519830675,0.8619822502518685,0.9945074655145633,-0.9463125394440324,0.6193843069221104,-0.3497712809595367,-0.764936615410975,-0.8407930097829357,0.9924350530654125,0.967250095651618,0.7321607604994801,0.8161131065875304,-0.4709770202845442,-0.9454007487115754,0.5080495955759711,0.9673126721636199,0.9668520484451936,0.9709504870730526,0.962170297091233,0.39946671850208015,1.0,0.9572557391221725,0.1562801004940645,0.6157907719517629,-0.1172868624106034,-0.12941037301403566,0.28767004277823177,0.05603754693253252,0.3671258885560576,0.37594080786213396,0.35320077200181255,0.3823003799121719,0.24505860228826087,0.2352621622443153,0.32763064784829377,0.30904169581626123,0.07894224762361488,0.30725892991644166,0.30196828362593964,0.07108580130819583,0.3817003457508703,0.2731000732644127,0.09842858338241708,0.34161003891046654,0.28767004277823177,0.05603754693253252,0.3874841166008207,0.28767004277823177,0.05603754693253252,0.3920971686949493,0.6390027423035989,-0.36198508626509773,-0.04928890684765333,0.283791467622373,0.000557506548854781,0.27488814563860803,0.28400132942347617,0.2570802267161365,0.18457299161282026,0.24042571927705794,0.2032958145579802,0.1757333885619503,0.3395824041574134,0.047456554654615395,0.3978576028388327,0.30397635458380406,0.01625142699144884,0.3050154603871105,0.27641101104068333,0.0365725109415645,0.2758483842835842,0.283791467622373,0.000557506548854781,0.3049373790937273,0.283791467622373,0.000557506548854781,0.30739188842332904,-0.14187202780133865,0.3164570827930314,,,-0.09133376188169948,0.21178608870116755,-0.13959057395188396,-0.07392582572110429,,-0.019035248958375127,0.5912082779138628,0.6026071219411262,0.5968415506483643,0.28696746989180383,0.0962893809115404,0.00866480394781298,0.28161815810128243,0.27959447807341403,0.010079084207528444,-0.24603272106972338,-0.1872883856223874,-0.12428700119521954,-0.27330419642116477,-0.5827662218560091
ceiling,-0.08891681828460225,0.5262974670220958,0.9156376490888709,0.9008767976309409,0.9120919969461312,0.8827853147394518,0.3637716468498201,0.9572557391221725,1.0,0.8944413218769985,0.9160919787874239,0.9011821402897232,0.8952188353433019,0.9272353440846425,0.9072128726404254,0.917272487127853,0.8939246837154287,0.759090344230294,0.9486609204442313,-0.9766253296358225,0.6691542781855928,-0.2523804125235902,-0.6448118181823371,-0.7532522570787488,0.9439420774042577,0.9012019542191776,0.6627425448389217,0.8192324957704126,-0.36424554620796606,-0.8634360394824054,0.2694033491329311,0.9156376490888707,0.9008767976309409,0.9120919969461309,0.8827853147394524,0.3637716468498202,0.9572557391221718,1.0,0.13543416034769826,0.5976599314792684,-0.11797667820905361,-0.13518330196654552,0.27992694917595173,0.07115372689653576,0.3355109513896142,0.3628561060175658,0.3485534762072724,0.3513008782136878,0.2322821653575363,0.2328340348638255,0.3123523934225294,0.30062740290105755,0.09836130342780824,0.2891412044017296,0.29128874161685075,0.0869978083982647,0.34611904666189475,0.26999037871002035,0.10960955388869462,0.3131774542826305,0.27992694917595173,0.07115372689653576,0.35197917686571883,0.27992694917595173,0.07115372689653576,0.35770219234962547,0.6290156795621247,-0.3606529812858697,-0.0671191291463219,0.2819638079810515,0.004997815990633943,0.2577929942116405,0.2642301371983898,0.2349968123800369,0.14209693843036075,0.23693623178139417,0.1949530383868335,0.1499691582512278,0.33454080674963865,0.05124694863219065,0.3687885333428191,0.29852278417325645,0.02005883151672486,0.27790309293937665,0.2728601835644429,0.04062739257765067,0.2518165890982928,0.2819638079810515,0.004997815990633943,0.2809524435823855,0.2819638079810515,0.004997815990633943,0.28420556761430177,-0.1493914732843943,0.2730938413856821,,,-0.08589602844734383,0.20324584420175326,-0.1375721370072083,-0.06866506493474647,,-0.025485273345881843,0.5613867412951102,0.5962068491931609,0.5673652747154632,0.2931436438657881,0.09456171566256805,0.012093477803531686,0.26167531773392827,0.26221901287045907,0.014781386311671198,-0.23003088151502366,-0.18019011420943665,-0.1134835493571946,-0.244385716908388,-0.5443052869183266
pax_max,-0.07714113905001997,0.5632662305946222,0.9953249375578961,0.9943052470801158,0.9932357571389405,0.9924897508793503,0.18532786583130095,0.9549314926036129,0.8944413218769985,1.0,0.9680691754252452,0.9647668895393998,0.9868838681196571,0.9814540904125868,0.9825226818824537,0.9832514068775602,0.9769332097966735,0.9325724253068465,0.9727977156630332,-0.85111830915376,0.6282395212723305,-0.36010610327903764,-0.7297311409820451,-0.8324136099497381,0.951322926230735,0.9477081478549567,0.8283542969524246,0.838280163139205,-0.6098767278771461,-0.8952819182513528,0.5280510486821876,0.9953249375578961,0.9943052470801159,0.9932357571389405,0.9924897508793505,0.185327865831301,0.9549314926036125,0.8944413218769985,0.07751496707184559,0.6190681263472744,-0.09368669126062333,-0.1906818357005654,0.26763349423438265,0.07051434003501789,0.3608614072945994,0.3528086800552203,0.3235821469056567,0.3587112933652084,0.22494657449030883,0.20770909309891572,0.3164983678825069,0.27453784665990044,0.07957938727498924,0.2910656918671164,0.279426644274479,0.08350406149647373,0.3727149410659053,0.2406091987743387,0.1272255212593149,0.3273219406460842,0.26763349423438265,0.07051434003501789,0.3848619149588159,0.26763349423438265,0.07051434003501789,0.3888939744274535,0.6495005303951428,-0.32514695885044675,-0.1266393664837948,0.23483048427065129,0.0070610652984073,0.26570639900271587,0.2494862598530229,0.22487357653952497,0.18223963593720421,0.19196379337941896,0.16152323222171427,0.1554507990663036,0.28688870130145067,0.04834559627602864,0.3881373760977865,0.25605206968061794,0.02325557570412276,0.29627308608453373,0.2188792972684659,0.053609962881355826,0.26229854629370014,0.23483048427065129,0.0070610652984073,0.29855027399603007,0.23483048427065129,0.0070610652984073,0.300999442497605,-0.15690926313900605,0.27136146586580584,,,-0.0947112800044252,0.21286160661398434,-0.142029274722205,-0.0701076655868943,,-0.01482144048875789,0.5789319244404462,0.5715074343968293,0.5847243915056964,0.2873635744892239,0.10076832657178104,0.010188281055971322,0.24865548633854861,0.2462305460032116,0.007472998570861404,-0.22926311681735295,-0.17740951608858677,-0.1202808978530792,-0.2492903112149261,-0.5449923212554627
pax_low,-0.05954962487313696,0.5675165176216328,0.967028128758564,0.95409638218817,0.9570152085654732,0.9406258018761031,0.0714072547280532,0.9112602624373914,0.9160919787874239,0.9680691754252452,1.0,0.9969151760751768,0.9567934344896353,0.9438233402861873,0.9276859747339004,0.9440707733450928,0.9196860056761722,0.8687738769080973,0.934896007447086,-0.8512206627439307,0.6555399826829366,-0.32643583506866497,-0.6517991769104925,-0.7911368235124769,0.9098986726960777,0.8866028964360946,0.8272644412956768,0.8785860482193238,-0.5881330335524689,-0.8241234451226378,0.328980139143504,0.9670281287585643,0.95409638218817,0.9570152085654726,0.9406258018761031,0.0714072547280532,0.9112602624373912,0.9160919787874243,0.027215441364722634,0.6335239827718067,-0.08185724419509191,-0.2308002313922286,0.2487045556775196,0.09207004304284191,0.3273403143598282,0.33833814423475317,0.3155064498518482,0.3266156199287456,0.205819226400554,0.19768424627120154,0.30213582008573364,0.2561617425578955,0.1033950442171691,0.27612841128548493,0.25906225796328103,0.1065179671581542,0.3405739508325503,0.22283243675134792,0.150145632267391,0.3007609991015264,0.2487045556775196,0.09207004304284191,0.3509155957729219,0.2487045556775196,0.09207004304284191,0.3558100701959865,0.6725951887407541,-0.3129259397010582,-0.1826132048510004,0.21607082834338173,0.013163900840762705,0.23921598354236034,0.2216111850264552,0.197343340785833,0.13690620736055678,0.17042115864247362,0.1401812311099279,0.11976538344521363,0.2679970781445844,0.05432859111560211,0.3637712670966024,0.23547055450527793,0.029464823884393202,0.2649286229781212,0.1938012959423952,0.06584235142243969,0.2318243232834527,0.21607082834338173,0.013163900840762705,0.26950868662766403,0.21607082834338173,0.013163900840762705,0.2725568272542498,-0.17201952120152467,0.22011965422737317,,,-0.09294066739102488,0.21100553504029818,-0.14498168870848593,-0.06690141937617969,,-0.016829937053488116,0.5572881941019652,0.5610926128261675,0.563496491562315,0.29231818357166445,0.10019693367098474,0.014387493543429525,0.22724350705897978,0.22619850547059092,0.009445906596574107,-0.21355688142726645,-0.1666022414263354,-0.11302651478106757,-0.21927063789547602,-0.504203621139756
pax_high,-0.05770966705286321,0.5764673438702087,0.9636247149344901,0.951004402518772,0.9538818463989248,0.9349760112549635,0.03426955543140062,0.8967687578879949,0.9011821402897232,0.9647668895393998,0.9969151760751768,1.0,0.9563548970030252,0.9340697326456195,0.920747248669138,0.9379913196462345,0.914761179324833,0.8595734744249593,0.920660693657234,-0.8390141770493215,0.6440348930773421,-0.30074308956565626,-0.6440731948465556,-0.7748889500797805,0.8976555670436918,0.8826998183129952,0.8339195615370655,0.8632901774469539,-0.6119467735888113,-0.8095784349923904,0.32010117466680515,0.96362471493449,0.9510044025187722,0.9538818463989248,0.9349760112549638,0.034269555431400624,0.8967687578879947,0.9011821402897231,0.011759710121273685,0.6248088984179113,-0.08214769693080637,-0.23588594949362188,0.24710442351370202,0.09706946448313103,0.32546086799510326,0.3335795394034616,0.3100686457592533,0.31925923245082816,0.20280602403318695,0.19378560603835848,0.29599745963760427,0.2492867759089304,0.10514405504509747,0.26816162295847956,0.25535890258041605,0.1108197459106537,0.33543068787324526,0.2216656601103891,0.15496361598077196,0.2964574626579111,0.24710442351370202,0.09706946448313103,0.3479005234133301,0.24710442351370202,0.09706946448313103,0.3530448644600517,0.6659991131815143,-0.3117783943861372,-0.19069358800602723,0.2060565624568264,0.019418013074372065,0.23933507060885437,0.21488944141110075,0.1906778882954568,0.13643347494829774,0.16494214183858905,0.13490084392591453,0.11160921911598552,0.25707885036616623,0.05962389921921775,0.3594396037391249,0.2254902781594957,0.03619550464265543,0.2646589839969799,0.18868275680440094,0.06802374827342643,0.2342343629326608,0.2060565624568264,0.019418013074372065,0.2689204359347899,0.2060565624568264,0.019418013074372065,0.27220188346201973,-0.16947304323906673,0.20627267915463043,,,-0.0924069932754181,0.2092600681032072,-0.14547832873855218,-0.0651439324102481,,-0.016678115596717034,0.552317033656831,0.5560583782092494,0.558590313198339,0.29567255317160673,0.10237252448200346,0.014915861071500216,0.22124216132597105,0.2204550491299555,0.00971120353977131,-0.21216135579363773,-0.17067437086901216,-0.11144603095527929,-0.21787994959788543,-0.5002190202576589
fuselage_length,-0.08986112981842918,0.5620152216946117,0.9917461962508193,0.9931996620936644,0.9922736272625353,0.9811246824503581,0.15482748916578112,0.9547727666510198,0.8952188353433019,0.9868838681196571,0.9567934344896353,0.9563548970030252,1.0,0.9647415974221539,0.9810490343598743,0.9876162762790291,0.9841790140751656,0.8855728985269662,0.9645242199429249,-0.8669235838135272,0.5539976079397592,-0.34892456230448904,-0.7833906658643462,-0.8533303277681377,0.9654684022329363,0.9515245104859764,0.8670655058790419,0.8505745800708776,-0.6693604781744942,-0.9123935649445023,0.4874428544669203,0.9917461962508192,0.9931996620936644,0.9922736272625353,0.9811246824503581,0.154827489165781,0.9547727666510196,0.8952188353433023,0.06641033137125826,0.6627232774512779,-0.09968485195059984,-0.21195044655711226,0.27439354374835545,0.08878963270535856,0.35807329935031246,0.36973905982813365,0.33945267511199306,0.35472744238476883,0.2334478655371453,0.21696066855793786,0.32147947328443877,0.2878656846561074,0.1026882697537191,0.29637451311389973,0.2866209801788977,0.10447217986855195,0.3706740505027557,0.25135335228345657,0.1440560941080812,0.3276036590694066,0.27439354374835545,0.08878963270535856,0.3803351504571568,0.27439354374835545,0.08878963270535856,0.38547798439531283,0.6917005262133689,-0.34575025722251707,-0.1501960647263407,0.2425181857289294,0.019713570715656083,0.2590247543537121,0.25439548489035146,0.22756510874316643,0.16096553935335348,0.19999458948398122,0.166509951112785,0.13875407325030362,0.30000335948033074,0.06489492909891498,0.39309809730410156,0.26433650953293575,0.037823123790408524,0.2905996100783796,0.23118310098091197,0.06542982598866777,0.2602709245020314,0.2425181857289294,0.019713570715656083,0.293623524926558,0.2425181857289294,0.019713570715656083,0.2968049617393476,-0.15324101985179905,0.26414948460862014,,,-0.09707804876256981,0.2195307035467716,-0.15066906491506957,-0.07187550107307372,,-0.0133123861946335,0.5941198014491492,0.5812813127718337,0.600000434109089,0.29427794981873956,0.10207931671332605,0.012474959343421427,0.2584018553984462,0.2549294013909195,0.0056388774906231546,-0.23816769945613137,-0.18536297675585706,-0.12514226016518004,-0.2578912368954195,-0.5585300450388644
fuselage_height,-0.06983320425308959,0.5405622488467671,0.9848269185160173,0.9825564912422168,0.9860090785473365,0.9828440998542157,0.2709461891320956,0.9762261786489783,0.9272353440846425,0.9814540904125868,0.9438233402861873,0.9340697326456195,0.9647415974221539,1.0,0.9896292950160914,0.9849317143796285,0.9793885819936218,0.9095371180264045,0.9898371057039831,-0.8791398734362422,0.6315796906631583,-0.2882873026350246,-0.6809091687594105,-0.7876997217435676,0.962385884979824,0.9616992530109396,0.7659032631160256,0.8072808209030998,-0.5262489297009117,-0.9243140312976655,0.5234036897253963,0.9848269185160176,0.9825564912422167,0.9860090785473365,0.9828440998542162,0.2709461891320955,0.9762261786489783,0.9272353440846425,0.0981910854467545,0.5789410038598723,-0.1235826937459584,-0.14427070869180933,0.2806698003063515,0.06382989397483643,0.3754192070146411,0.3599153703784522,0.3289041554595659,0.36784109622234196,0.23853822324100468,0.21841736383372667,0.3218692478588309,0.29223080431654097,0.07839372825583857,0.29288807740405925,0.2929763866471231,0.07863248223964775,0.38004945661354217,0.25942369077770416,0.11264384251320216,0.335215328117962,0.2806698003063515,0.06382989397483643,0.39234922185092924,0.2806698003063515,0.06382989397483643,0.3974519981793047,0.6085498539912839,-0.35361600831963114,-0.07675283939301873,0.2673940366537509,0.014016208274333582,0.2882209295350969,0.27048765473922654,0.23956356415964689,0.18593928570126833,0.2271060866484574,0.18688920757003968,0.1692903585313948,0.31557402690526726,0.05486118137690171,0.3844521416990802,0.2853449023808472,0.02908134059817827,0.3087987628717934,0.25784142714821423,0.051426553085517725,0.27779825217976795,0.2673940366537509,0.014016208274333582,0.3120583508248846,0.2673940366537509,0.014016208274333582,0.3148796180157936,-0.151695736873684,0.2874669963444549,,,-0.0858706353436267,0.20241702377875373,-0.13534315666968888,-0.06811453783436526,,-0.019367935701054523,0.5845953111124876,0.5853444764537626,0.5900047929776052,0.2805267635061953,0.09696265261615494,0.010149607016869046,0.25543802869102683,0.25518829860358094,0.012684566643628376,-0.22991075699630265,-0.18851848584286388,-0.11672623607773741,-0.24984566842189865,-0.5453059100122299
fuselage_width,-0.08643300149793834,0.5460235997467469,0.99010520071048,0.9932668412765764,0.9943023835514767,0.9928284972136568,0.2571693377496002,0.9794727818485772,0.9072128726404254,0.9825226818824537,0.9276859747339004,0.920747248669138,0.9810490343598743,0.9896292950160914,1.0,0.9952741026202716,0.9967323513432459,0.9100651828612271,0.9864816463385185,-0.8768907238213827,0.5897646932887084,-0.32433788563313426,-0.757726012995428,-0.8274396998889795,0.9775360188609793,0.9741800212972794,0.8027956936949875,0.8096943246475801,-0.585355372233215,-0.9485343111990109,0.5595667575573906,0.9901052007104802,0.993266841276576,0.9943023835514767,0.9928284972136564,0.2571693377496001,0.9794727818485771,0.9072128726404259,0.10254303663117367,0.6051434727462675,-0.12285072184389649,-0.15578859575313525,0.28004237817969097,0.06073534744783424,0.3757228552939144,0.3649259677690761,0.33366665656465827,0.37611698800984433,0.2369638305050296,0.21787496569589954,0.3229183471103872,0.29301706258694155,0.07537604819087218,0.2962512460828436,0.29276309396323963,0.07557773462817606,0.3843199565042377,0.25682630714988697,0.1122040787826133,0.3387073996062808,0.28004237817969097,0.06073534744783424,0.39474563928109935,0.28004237817969097,0.06073534744783424,0.3997913635691234,0.6307818985124037,-0.3565261002373756,-0.08489272375854237,0.2633301795813564,0.008183792586620331,0.28420827015889816,0.2700537890655592,0.2406369006099135,0.19250602864620908,0.22126594510799438,0.18360353583814903,0.16404172323890104,0.3147889258986819,0.050691420594237944,0.3924687109393275,0.2830318973045464,0.024043028732483224,0.3105887619385705,0.25304643588316933,0.048253732780926296,0.2792447554947329,0.2633301795813564,0.008183792586620331,0.3130715918920928,0.2633301795813564,0.008183792586620331,0.31582565230956167,-0.14514690428927535,0.2956021203877909,,,-0.08935798321886049,0.20997750593382744,-0.14034443104279318,-0.07123620972953842,,-0.016789961551415288,0.6004833153952639,0.5896628589170831,0.6059931369126654,0.28700877700133537,0.09955594173664922,0.009492222474313501,0.2652164713018443,0.2631399796844875,0.009110182460638164,-0.24002583951870132,-0.19442683805103672,-0.12170219516863963,-0.2632256136525669,-0.564216584367017
wing_area,-0.09158582667702383,0.5499416196913426,0.9928889606032484,0.9940100111240388,0.9966087616840565,0.9891138844697241,0.21111626116509588,0.9768721053490342,0.917272487127853,0.9832514068775602,0.9440707733450928,0.9379913196462345,0.9876162762790291,0.9849317143796285,0.9952741026202716,1.0,0.9964060213406762,0.8874425712529933,0.9859935625930706,-0.8858494814879273,0.5659723304155269,-0.3566934070510464,-0.7804588645268286,-0.852759427094101,0.9830624955901498,0.9699259512153475,0.8219028044805661,0.8418292312145358,-0.5987168771113293,-0.9526991663037331,0.5163817006404423,0.9928889606032484,0.9940100111240388,0.9966087616840565,0.9891138844697241,0.21111626116509594,0.9768721053490343,0.9172724871278529,0.09174087256385802,0.636112243839723,-0.11829720437670506,-0.17778386620361963,0.2716199501848546,0.07096753308146148,0.3651394997792085,0.3679131589481832,0.33803539874192284,0.3719607996780964,0.23182530835025353,0.21623067578041552,0.3216654920559494,0.289357165004943,0.0888632879197013,0.2986982891935015,0.2855668428125584,0.08762751218687835,0.3781440843687663,0.2525952854471712,0.12036666555266497,0.33605185067080046,0.2716199501848546,0.07096753308146148,0.38540223993725653,0.2716199501848546,0.07096753308146148,0.39087375551671205,0.6640452803580895,-0.3575615101463178,-0.11023752000745085,0.25638612269872935,0.012928384716065005,0.27258856649206037,0.26657356234606067,0.2375605623786874,0.17858338134532845,0.21589934605325634,0.17904895595842074,0.14883740052196529,0.31193120219735326,0.05789493568977501,0.3931734840541525,0.2771206673083685,0.02999631237135165,0.30267796500685934,0.2478771992693033,0.053039427587201496,0.27403959902370234,0.25638612269872935,0.012928384716065005,0.30336404752553187,0.25638612269872935,0.012928384716065005,0.3063928558937437,-0.15140123819153142,0.2847061843921467,,,-0.09143975881561606,0.21423301932257052,-0.14575628314314246,-0.07343219189864612,,-0.015581345895444928,0.6037564603902462,0.5937683633691903,0.6094503967286726,0.2895635836744932,0.10007031952641383,0.010801383344485877,0.27000978505789364,0.26764841222591745,0.008722907563992778,-0.2423672993433605,-0.19475381612206039,-0.12406530206082783,-0.2638842049714701,-0.5669697812900598
