,idx,fuel_kg,mtow,mlw,oew,mfc,vmo,mmo,ceiling,pax_max,pax_low,pax_high,fuselage_length,fuselage_height,fuselage_width,wing_area,wing_span,wing_mac,wing_sweep,wing_t/c,flaps_area,flaps_bf/b,flaps_cf/c,flaps_Sf/S,cruise_mach,cruise_range,drag_cd0,drag_k,drag_e,drag_gears,fuel_fuel_coef,limits_MTOW,limits_MLW,limits_OEW,limits_MFC,limits_VMO,limits_MMO,limits_ceiling,clean_e,origin_longitude,origin_latitude,origin_elevation,origin_RWY_1_HEADING_a,origin_RWY_1_HEADING_b,origin_RWY_1_LENGTH,origin_RWY_2_HEADING_a,origin_RWY_2_HEADING_b,origin_RWY_2_LENGTH,origin_RWY_3_HEADING_a,origin_RWY_3_HEADING_b,origin_RWY_3_LENGTH,origin_RWY_4_HEADING_a,origin_RWY_4_HEADING_b,origin_RWY_4_LENGTH,origin_RWY_5_HEADING_a,origin_RWY_5_HEADING_b,origin_RWY_5_LENGTH,origin_RWY_6_HEADING_a,origin_RWY_6_HEADING_b,origin_RWY_6_LENGTH,origin_RWY_7_HEADING_a,origin_RWY_7_HEADING_b,origin_RWY_7_LENGTH,origin_RWY_8_HEADING_a,origin_RWY_8_HEADING_b,origin_RWY_8_LENGTH,destination_longitude,destination_latitude,destination_elevation,destination_RWY_1_HEADING_a,destination_RWY_1_HEADING_b,destination_RWY_1_LENGTH,destination_RWY_2_HEADING_a,destination_RWY_2_HEADING_b,destination_RWY_2_LENGTH,destination_RWY_3_HEADING_a,destination_RWY_3_HEADING_b,destination_RWY_3_LENGTH,destination_RWY_4_HEADING_a,destination_RWY_4_HEADING_b,destination_RWY_4_LENGTH,destination_RWY_5_HEADING_a,destination_RWY_5_HEADING_b,destination_RWY_5_LENGTH,destination_RWY_6_HEADING_a,destination_RWY_6_HEADING_b,destination_RWY_6_LENGTH,destination_RWY_7_HEADING_a,destination_RWY_7_HEADING_b,destination_RWY_7_LENGTH,destination_RWY_8_HEADING_a,destination_RWY_8_HEADING_b,destination_RWY_8_LENGTH,LF1,LF2,parked_fraction,takeoff_fraction,climb_fraction,cruise_fraction,descent_fraction,approach_fraction,landing_fraction,taxiing_fraction,takeoff_delta,landing_delta,mean_time_in_air,segment_duration_s,segment_distance_km,mean_vertical_rate,starting_altitude,ending_altitude,altitude_difference,std_vertical_rate,mean_track,std_track,num_trajectory_points,points_per_second
idx,1.0,-0.1246641864803698,-0.07467580267615988,-0.0707147495481233,-0.06948363842327161,-0.06284902106908796,-0.035032867053665304,-0.07775524548755235,-0.09946347987640586,-0.07018916965316233,-0.08655233992751529,-0.09041518016904655,-0.07882490718355674,-0.05873625811605906,-0.06206936470444028,-0.06681645012184134,-0.060387129315173205,-0.0600121356858532,-0.0711896273119853,0.11621742085920987,-0.17195497348077843,0.08660120124280622,0.08787277456821878,0.09393168072138582,-0.07889134496103119,-0.050340046528347795,-0.058022428578390156,-0.12510893071015985,0.02916319631288034,0.040608543469307944,-0.021726287193838338,-0.07467580267615988,-0.0707147495481233,-0.06948363842327161,-0.06284902106908796,-0.035032867053665304,-0.07775524548755235,-0.09946347987640586,-0.11676405300206151,0.04340295584043672,-0.09436222799111861,0.0669772407836924,0.013109132599500691,-0.032044264768873905,0.0718440383134626,0.022057398352383805,-0.04931397229003662,0.059595857078528006,0.10084104778120635,0.007417866961888618,0.15141123409873905,0.01849435445838668,-0.027886476521352566,0.15857768537800027,0.02302437441319341,-0.025407768348053764,0.1661361025068633,0.022226049584393698,-0.03651494434835675,0.16709958010467893,0.013109132599500691,-0.032044264768873905,0.08080757064190276,0.013109132599500691,-0.032044264768873905,0.08080757064190276,-0.009729512579092608,0.02722606355093897,-0.015431242326874647,-0.048809338578079106,0.008833775421505183,0.14737793954545161,0.013471171721612912,0.0015701305336673892,0.15272193989676572,0.15414287793080625,0.11484835818836918,0.09173838750792848,-0.08887895250282389,-0.020454497487883184,-0.008360131193469258,-0.06552874375498738,-0.002075484849684176,0.1889719293374211,0.010765708622133541,-0.05701569188176536,0.2557693142708116,-0.048809338578079106,0.008833775421505183,0.13146920642281296,-0.048809338578079106,0.008833775421505183,0.13146920642281296,-0.059822061843355735,-0.17195049670262097,,,-0.16997145320472723,0.22985125476857352,-0.057395469479172394,-0.009904068602061115,,,0.07997740816113799,-0.10657797292837279,0.07579413224149548,-0.10271932100878672,-0.10456214627246305,-0.12824664021543328,0.10345034540815719,0.09621282603414512,-0.0040289825174235775,-0.01796284571111567,-0.04273981599955687,-0.10830706477936587,-0.0012953079545482637,0.019208855218545127
fuel_kg,-0.1246641864803698,1.0,0.5467400081986765,0.5388437802706499,0.5330964951325494,0.5220029342573066,-0.02737909223817802,0.48479884099545045,0.5005423311036459,0.5411017822799886,0.5687426466269961,0.5860337443784789,0.5398890194526761,0.4989953929235086,0.5060252376310732,0.503620217599727,0.4972997661306259,0.5401556444481883,0.4850237973670836,-0.4954556738789911,0.5632792470374673,-0.08206357095463926,-0.39052911191204115,-0.3954628394709719,0.47927396818853696,0.46953924051601026,0.5389196023804637,0.4876877260304392,-0.5021039750621092,-0.38669387769736563,0.1429720741864724,0.5467400081986765,0.5388437802706499,0.5330964951325494,0.5220029342573066,-0.02737909223817802,0.48479884099545045,0.5005423311036459,-0.030075605237229134,0.28535658082589727,-0.11346559575700628,-0.1603696407994508,0.11810629826950383,-0.06419910508920769,0.11946583541712295,0.05882069494598981,0.13392962773263742,0.11018264809287165,-0.023042994584845142,0.07219303763336724,0.10019075661518277,0.12628205863771128,-0.054117213053980824,0.12026030865635398,0.12486972063497676,-0.058683785487008686,0.085389383590262,0.0013087414880446737,0.07358458836582522,-0.013819511642771115,0.11810629826950383,-0.06419910508920769,0.140967052222227,0.11810629826950383,-0.06419910508920769,0.140967052222227,0.26857177562026796,-0.22578862978335937,-0.1358002142929861,0.21342543074552237,0.07807792009285858,0.09264115891031081,0.19391476903620605,0.14042040835936642,0.023520298645681954,0.14055410295815668,0.08202700177755744,0.03624850108666719,0.24393277063130372,0.10821845601061104,0.1760722050628769,0.22974097948202668,0.0896936687148778,0.08966251791830246,0.1861101208134483,0.12942946331772437,0.04900780382829843,0.21342543074552237,0.07807792009285858,0.11960766642445686,0.21342543074552237,0.07807792009285858,0.11960766642445686,-0.01563666222408563,0.10141980719877984,,,-0.016154221647514927,0.1232724459385023,-0.14609817279707607,-0.07503776501130961,,,0.32305069285711513,0.2629820625254075,0.3477461112721273,0.8799842647300654,0.8853473467820584,0.08142514856555834,0.1566230197835983,0.17230050359073826,0.05678225924912891,-0.16099501878097403,-0.14777080018323976,-0.07361881505796676,0.07397559798134686,-0.370229781163634
mtow,-0.07467580267615988,0.5467400081986765,1.0,0.9993258493655238,0.9993561880163603,0.9941495738751737,0.16206889492510493,0.9733582972149977,0.9338592126362096,0.9961955634667972,0.9813022369010942,0.9755531701947177,0.9959634028003858,0.9870621092049368,0.9926780995847989,0.9939551068830913,0.9926413016055992,0.9297066735954812,0.9828680183786436,-0.9070073332071219,0.6249462070175398,-0.31439498229457985,-0.849904820493047,-0.8512042639550831,0.976601239475919,0.9720318916977476,0.8800716441696657,0.8712348444968275,-0.7328275308162246,-0.940016630674273,0.5137672188704492,1.0,0.9993258493655238,0.9993561880163603,0.9941495738751737,0.16206889492510493,0.9733582972149977,0.9338592126362096,0.15493391383543176,0.6148886343457908,-0.06224484969074748,-0.16397438404804573,0.3076157334909305,0.16747496912607157,0.314286542878788,0.3042004205720432,0.36445724400850893,0.24631839854184792,0.2140999001092828,0.28839756371887015,0.31549080826871506,0.3461721845127655,0.20615474027238087,0.2809514920135269,0.3226504643069735,0.18009489898138176,0.3059693157799251,0.25720889898054816,0.2701436918735118,0.2228393141602519,0.3076157334909305,0.16747496912607157,0.35553625408618966,0.3076157334909305,0.16747496912607157,0.35553625408618966,0.6689190108590158,-0.45327185304641965,-0.1368915497202863,0.2974391621134263,-0.07951892755254866,0.23575293545671466,0.3396307910898334,0.26020688803345127,0.09457946526628759,0.2571659325254233,0.16772783566068097,0.16625328218556115,0.42817941079055133,0.020430602455737912,0.48494677202635433,0.3278386524056827,-0.05956762256200522,0.2787359312214135,0.27585983992109386,-0.03944284098370918,0.23350357753911077,0.2974391621134263,-0.07951892755254866,0.2679881834826518,0.2974391621134263,-0.07951892755254866,0.2679881834826518,-0.09428938465713022,0.32535592253378726,,,-0.06728410499678954,0.2167402026366929,-0.20523776752404035,-0.10515188214242999,,,0.5674154816776434,0.6263965485584567,0.5735176203712473,0.28517889115820516,0.32540047531824584,0.06981578268883575,0.31348795227144405,0.32889358125388996,0.0760247533234541,-0.31806595472505544,-0.24644114280037477,-0.16627299751162414,-0.3032723873441085,-0.5992229571432623
mlw,-0.0707147495481233,0.5388437802706499,0.9993258493655238,1.0,0.9991732292249843,0.9964598390695338,0.17177341156183357,0.9731341678439906,0.9252847829787948,0.9969603673357642,0.9757466925386065,0.9691254967604843,0.9952749399223487,0.9880188594393017,0.9942615567529135,0.9940352025933096,0.994261386147383,0.937413743693189,0.9836063628230151,-0.8988040516013133,0.6155592558717261,-0.3253701761796698,-0.8544897606374525,-0.855793686828153,0.9758800966584446,0.9718081514990998,0.8814219763410148,0.8689590033259429,-0.7367740681827901,-0.9423271441634501,0.5390983780163879,0.9993258493655235,1.0,0.9991732292249843,0.9964598390695338,0.17177341156183357,0.9731341678439906,0.9252847829787948,0.16023593133596892,0.6144725051717006,-0.057922197085827916,-0.15959919108647752,0.30485435776898556,0.1628271267755105,0.31547274505829087,0.3000477308326039,0.36221265306482636,0.2456051665037416,0.2078372687048983,0.2847549714866664,0.3160953974140278,0.3440548152863203,0.20183548464342205,0.28612337963812456,0.31998096411169374,0.17548325710777335,0.3055551371826215,0.25296047411082084,0.267040615263422,0.2209267226313374,0.30485435776898556,0.1628271267755105,0.3571399084302578,0.30485435776898556,0.1628271267755105,0.3571399084302578,0.6659925447115914,-0.4480691083997722,-0.13426589404287054,0.2947395642658636,-0.07572576468945934,0.23528659524900142,0.34273212263760433,0.26441867890154114,0.0988095625467567,0.2580617043834065,0.1700159047759695,0.17066867157461912,0.42632435096536847,0.024761939404419394,0.4866836377224209,0.32519635016864934,-0.05571976758293236,0.27853831433456216,0.274950943395622,-0.03712271606422615,0.23413355150046908,0.2947395642658636,-0.07572576468945934,0.26778227214547906,0.2947395642658636,-0.07572576468945934,0.26778227214547906,-0.09633127065870357,0.328759490561354,,,-0.06946048333776479,0.21483981950588993,-0.20278363030680896,-0.10472343801465031,,,0.5690910514199757,0.6242972149914812,0.5750656612697497,0.2788568379398244,0.318962405343826,0.06683421708726768,0.31374081561346506,0.328007023550717,0.07337750735592966,-0.31694916136425205,-0.24430818418944672,-0.16594212381912782,-0.3034892502777148,-0.5993811842397027
oew,-0.06948363842327161,0.5330964951325494,0.9993561880163603,0.9991732292249843,1.0,0.995555596149947,0.16896525271790258,0.976206931756028,0.9341233228838636,0.9955492963259024,0.9775111789935654,0.9705079220111109,0.9946725349624763,0.9909391826639976,0.9957074978235539,0.9965754755999641,0.9959984488913145,0.9275560850735841,0.9861718985301109,-0.9053767943957153,0.6107912966271527,-0.3115978038954489,-0.8491281665933311,-0.8500313074208038,0.9792806124004627,0.977770428849236,0.871529625331593,0.8644733365716605,-0.7214898076338208,-0.9493709106698835,0.5251038416427011,0.9993561880163603,0.9991732292249844,1.0,0.995555596149947,0.16896525271790258,0.976206931756028,0.9341233228838636,0.1653939351808737,0.6116738829855877,-0.06342037531292091,-0.16104482888231794,0.3077695890965349,0.16878680864378012,0.31829892324750453,0.3042800192925353,0.36229039872164315,0.24945705065018062,0.21574917107019315,0.28737502055118375,0.31726040444182185,0.34461666961793236,0.20629904619275669,0.2813086524569446,0.3230274757576087,0.1815545310773506,0.31130007651850317,0.26062316085020004,0.2684016558565572,0.22964661934068328,0.3077695890965349,0.16878680864378012,0.35991147431361076,0.3077695890965349,0.16878680864378012,0.35991147431361076,0.6668574712918072,-0.4561072206820033,-0.13155699652642913,0.2906872016074298,-0.07891778284604653,0.2401792663893302,0.3365828282842116,0.2563468059674127,0.09781256998272743,0.2568024480445633,0.16619623608807288,0.1689854905160189,0.42110244437050887,0.020565320278650493,0.4869692218361951,0.3210050974992106,-0.05903244416358532,0.2842355357758577,0.27418549148021065,-0.04447336184695921,0.241753515403273,0.2906872016074298,-0.07891778284604653,0.2715591941161702,0.2906872016074298,-0.07891778284604653,0.2715591941161702,-0.10147798453570711,0.33022645866136535,,,-0.06507561031681508,0.21608461466376647,-0.2050476296437858,-0.10624023637996977,,,0.5722835391552966,0.6282949846734902,0.5780662543270778,0.27595042032633893,0.31724980838270317,0.06939241257361975,0.31627081517519656,0.33212646153783115,0.07743540878108109,-0.31967178513365635,-0.25070983849553763,-0.16711186259607838,-0.30426453971934464,-0.5968011456834799
mfc,-0.06284902106908796,0.5220029342573066,0.9941495738751737,0.9964598390695338,0.995555596149947,1.0,0.18702270375666022,0.9693125755482124,0.9077022672116878,0.9950063812094501,0.9612687072376184,0.9540689915039667,0.9866516844189359,0.9871539613061949,0.9943095040149328,0.9905622020894873,0.9936992570620419,0.9533802687446234,0.9811972159728969,-0.8806839748649585,0.6232647120853776,-0.3444263272051364,-0.8547368135000897,-0.8554828535148393,0.9701541742893447,0.973780866977427,0.8610198170508808,0.8469778750947644,-0.7160144443447136,-0.9444937238673358,0.5943022548866954,0.9941495738751737,0.9964598390695338,0.995555596149947,1.0,0.18702270375666022,0.9693125755482124,0.9077022672116878,0.19944517766426537,0.5964554295062081,-0.05478240085198171,-0.13943043605348918,0.2999046288768456,0.14030957815529121,0.32535118988183553,0.29108922694154665,0.35049697446376704,0.2538402773003601,0.19572609071961122,0.27105595227021256,0.32546553128473477,0.3365756625331564,0.177350113152509,0.29975355847041507,0.31504204680646036,0.1529316064628843,0.3152361398758095,0.24257970414602897,0.24807977801647133,0.22655933052827837,0.2999046288768456,0.14030957815529121,0.36550823473657873,0.2999046288768456,0.14030957815529121,0.36550823473657873,0.6440767500800584,-0.4344050310102148,-0.11447493835600972,0.2832295006356775,-0.08167558423862936,0.23824564061013398,0.34466825984799304,0.26662386568513874,0.11744024201146692,0.25486248995032645,0.16792890645122918,0.18015252616153093,0.41357628109088307,0.01744105234050446,0.49031383015574,0.3140747952537705,-0.06148451103379225,0.286148743173243,0.2643832398983122,-0.04486774399468388,0.24327078323332357,0.2832295006356775,-0.08167558423862936,0.26974645069358133,0.2832295006356775,-0.08167558423862936,0.26974645069358133,-0.10551515346403006,0.34170505705804066,,,-0.06519381710674697,0.2171850507650112,-0.20274886366596434,-0.11165697048530994,,,0.5793788665995755,0.6218662752668117,0.5846709567560434,0.2617591254370208,0.30387145239556645,0.0644946792649367,0.3196967987061811,0.3341370387723225,0.07453461017670221,-0.3212829471484373,-0.23938912692898465,-0.1701665351037099,-0.3100854778435488,-0.5922534733134797
vmo,-0.035032867053665304,-0.02737909223817802,0.16206889492510493,0.17177341156183357,0.16896525271790258,0.18702270375666022,1.0,0.35474172202694665,0.3219852409445352,0.16480911797237968,0.05850233539530713,0.019641738063012917,0.13304333065534302,0.24341551851964727,0.22536098924589362,0.17883133988231079,0.1953375195616007,0.20718910604157917,0.3047167525866183,-0.40764662887290415,0.31158053222525633,-0.10462296051484031,-0.20394383111982334,-0.20296179670344017,0.29192206038352403,0.26021841791624584,-0.11828826498055087,0.06225858572680863,0.28832826047689414,-0.2527948475782915,0.35657987500921573,0.16206889492510496,0.1717734115618337,0.1689652527179026,0.18702270375666025,1.0,0.35474172202694665,0.3219852409445352,0.7513042571270248,-0.009970855374570795,-0.10347841173507966,0.2053811396027455,0.1974257209834966,0.06545793378131255,0.07973519930604205,0.12226554165699137,0.12333902791374597,0.09822880607454927,0.15101212333151878,0.14009127477284689,0.12582313628188946,0.17959043786731152,0.0609284208709795,0.11062236835285975,0.19382338531781385,0.06485794258587817,0.02179574292427176,0.22740473841307837,0.045196618508728484,0.007914453210660841,0.1974257209834966,0.06545793378131255,0.08834701644202826,0.1974257209834966,0.06545793378131255,0.08834701644202826,0.01744472712646011,-0.04327750464745661,0.1999608106518191,0.08327258792969769,0.017226870822642567,0.06617730891313724,0.13092160835280664,0.14076090001752994,0.07400332271803531,0.054050484655284135,0.07066156372184546,0.1819182008150851,0.11231355639687014,0.040593579910611036,0.13634949285903947,0.09015718269311455,0.02201068393731953,0.08101484421829924,0.10688021372128985,-0.0016242339702607239,0.08523521396887548,0.08327258792969769,0.017226870822642567,0.07263309388915407,0.08327258792969769,0.017226870822642567,0.07263309388915407,0.0696807351917066,0.25033560973769253,,,0.04092996309854492,-0.01975490721290986,-0.09241732918322895,-0.023684805751530515,,,-0.0553454602176669,0.27860732549243644,-0.05370213593985663,-0.08528817192737849,-0.07945282728387994,0.036367594453193375,0.11366664593040804,0.12690985282795503,0.045703039835570836,-0.09541113530545951,-0.03629253151664353,-0.042853301707159876,-0.11332388716450081,-0.23956725062721088
mmo,-0.07775524548755235,0.48479884099545045,0.9733582972149977,0.9731341678439906,0.976206931756028,0.9693125755482124,0.35474172202694665,1.0,0.9700110248830827,0.96378000956597,0.9369495738678435,0.9203383268556325,0.9637234576183223,0.9840412527464312,0.9835203262472255,0.9812745364321381,0.980231673594309,0.8827740574323283,0.9976126467106161,-0.959400143270616,0.6165312389211294,-0.3223758448750272,-0.8540981658374679,-0.8539563663481599,0.9949549249406439,0.9757301022375758,0.7939431531878255,0.8499312358781677,-0.6042500854038261,-0.9635298987267151,0.5211731978697591,0.9733582972149977,0.9731341678439906,0.9762069317560278,0.9693125755482124,0.35474172202694665,1.0,0.9700110248830827,0.31278815083130573,0.5848633999085535,-0.08130506102757566,-0.11781701777371685,0.33086507409706906,0.19755198788986209,0.3094975721671456,0.32455266925251663,0.37842176518660814,0.25800240469725794,0.2512316385864689,0.31389315330762485,0.32378025492192863,0.36388975564601644,0.2333750271655088,0.2760577078816616,0.34421024167652775,0.20926668813154753,0.2977521560392137,0.3064449239990788,0.2732828815347131,0.22878713454442232,0.33086507409706906,0.19755198788986209,0.3492048627005229,0.33086507409706906,0.19755198788986209,0.3492048627005229,0.6496187520454105,-0.44742044421710336,-0.08557937620893936,0.28693324791521435,-0.0763524981051926,0.24331658516009733,0.33103102049570204,0.2554013119305347,0.09018420945388841,0.24792557235296006,0.16314034572911915,0.1782976271685492,0.41702189581045773,0.02280429843312203,0.48929131752417176,0.3171046275966466,-0.056555153669770056,0.28975872093215677,0.28243454331739587,-0.05460941479319914,0.2537445045265121,0.28693324791521435,-0.0763524981051926,0.27436782757483513,0.28693324791521435,-0.0763524981051926,0.27436782757483513,-0.0875384634574236,0.3682061972992392,,,-0.05154279475299261,0.20276136942174453,-0.2146935408933967,-0.10280820707271573,,,0.5314980576033592,0.6492529672723625,0.5371045790371707,0.24488246526178947,0.28536054809686584,0.07347656477952126,0.32865746801692247,0.34486398831916176,0.079851911560107,-0.3259685530688217,-0.24953766975298347,-0.1658814084813733,-0.3073972956111779,-0.6126603220223629
ceiling,-0.09946347987640586,0.5005423311036459,0.9338592126362096,0.9252847829787948,0.9341233228838636,0.9077022672116878,0.3219852409445352,0.9700110248830827,1.0,0.9123853451074405,0.9281008454494193,0.9141933791431569,0.9255208850591273,0.9391214542013261,0.9325997188862688,0.9406874227029984,0.9291608438632338,0.7778148603208311,0.9586263557859619,-0.9910462527290849,0.6243771360499114,-0.23167093816215098,-0.7936690387775974,-0.7937456696250998,0.9675354804851038,0.9381084019123577,0.7484835822488516,0.8378774582592804,-0.5418259285189765,-0.9169926154946432,0.31767652285774045,0.9338592126362101,0.9252847829787951,0.9341233228838637,0.9077022672116878,0.3219852409445354,0.9700110248830827,1.0,0.2731924967685166,0.568515272313682,-0.109306101910328,-0.147171265363171,0.34255066303108933,0.240374679047224,0.2788034572344715,0.3444383348141744,0.38451112313854113,0.24187460471810157,0.293963586457624,0.33596002479860526,0.29745121406780856,0.36922625245387264,0.27235288231116045,0.21924500945927644,0.35460456833844406,0.2513398907706219,0.2761562354733784,0.3387871894295772,0.2947046296503354,0.22516274250686358,0.34255066303108933,0.240374679047224,0.31637000295388895,0.34255066303108933,0.240374679047224,0.31637000295388895,0.6494554493057884,-0.46710216941939214,-0.10005973442871811,0.28999444076948977,-0.08997802648412334,0.23756562634266665,0.2896669243459513,0.21157481275997955,0.04675896265363897,0.22880669812438237,0.13983264056311237,0.14153571706391857,0.409884382802423,0.0020626225436160173,0.45681505956257223,0.31799877298618223,-0.07166574434725786,0.2766288166412896,0.2812343443477749,-0.06654029880378595,0.23940625316381686,0.28999444076948977,-0.08997802648412334,0.2657180213554492,0.28999444076948977,-0.08997802648412334,0.2657180213554492,-0.06960217844754271,0.3311852995034806,,,-0.03835704302986776,0.19848171909810866,-0.21938032087523246,-0.09572422349911451,,,0.48439168002419286,0.6445076121672911,0.4907895924460574,0.26875998489762676,0.3074614757234099,0.08631983120838513,0.31327972048339275,0.3341184474043501,0.08880079275248043,-0.3167541734011661,-0.25904465196574666,-0.15796285059826834,-0.28666111203213024,-0.5883950889574936
pax_max,-0.07018916965316233,0.5411017822799886,0.9961955634667972,0.9969603673357642,0.9955492963259024,0.9950063812094501,0.16480911797237968,0.96378000956597,0.9123853451074405,1.0,0.9786423180314583,0.9731674938420861,0.9950154303992842,0.9808673831118706,0.9879666240521515,0.9865543705096345,0.9873535686074059,0.9447813639604098,0.9748411368287273,-0.8862519771650076,0.625199505629158,-0.3253437320898246,-0.8473336468217338,-0.8491432345098158,0.96567069839665,0.97244287968988,0.8678421082701409,0.850951294827615,-0.7232953754839637,-0.9290457958374186,0.5487095428852914,0.9961955634667974,0.9969603673357642,0.9955492963259024,0.9950063812094501,0.16480911797237963,0.9637800095659702,0.9123853451074401,0.15608233919242187,0.6183929019132993,-0.05651892725954388,-0.1652938873616414,0.30269527292652115,0.1507575779482006,0.31805142177244633,0.29308711747612537,0.3520490788973374,0.24794140974294726,0.20142822974939456,0.275236647987232,0.31442807106024756,0.3377359084971734,0.1868017690594321,0.2881372303757987,0.3201145182322898,0.16490221590102264,0.313785382606874,0.24869121926036986,0.2605108672712449,0.2253604079071889,0.30269527292652115,0.1507575779482006,0.36662218401581376,0.30269527292652115,0.1507575779482006,0.36662218401581376,0.6667693964845758,-0.4470258793543087,-0.13909383653514806,0.2991720627953081,-0.07498243098525217,0.22589964397067228,0.35346330832654715,0.273241730122946,0.10432138422921526,0.26270891489195464,0.1731134363859605,0.17348823820105222,0.4315636123727227,0.026237341594221135,0.4849082217364746,0.3298548956939341,-0.05481397565913934,0.2731114273659784,0.27551018263682586,-0.032540201957099626,0.22822370654932597,0.2991720627953081,-0.07498243098525217,0.25842346345879624,0.2991720627953081,-0.07498243098525217,0.25842346345879624,-0.09903621607987913,0.32327918407258893,,,-0.06462530510079943,0.2162430994016567,-0.2040584333479116,-0.11342534531807612,,,0.5650131000245251,0.62224169777549,0.5708915477131842,0.27581614901926427,0.31689521041830676,0.07327157181916098,0.31021949114218667,0.3268356464371042,0.07845681169218052,-0.3136088215500176,-0.233228611262011,-0.16984221625586907,-0.31086022448190975,-0.5995875193434974
pax_low,-0.08655233992751529,0.5687426466269961,0.9813022369010942,0.9757466925386065,0.9775111789935654,0.9612687072376184,0.05850233539530713,0.9369495738678435,0.9281008454494193,0.9786423180314583,1.0,0.9980105775255999,0.9873528766270832,0.9481585119062766,0.9554569619012694,0.9680817634154308,0.9588600726174347,0.877646093441347,0.9464111986015421,-0.8988370678057503,0.6094606777271394,-0.3017273218762624,-0.8349084349698527,-0.837269794062015,0.9496027191933137,0.9451112707025102,0.8791190718143381,0.8793284921197262,-0.7292871805595736,-0.8966304367438993,0.3852685289914756,0.9813022369010943,0.9757466925386065,0.9775111789935654,0.9612687072376185,0.05850233539530706,0.9369495738678439,0.9281008454494185,0.05057211198227132,0.6409883489757955,-0.059590813910099086,-0.22194626092760125,0.29407792482010453,0.17982709022746535,0.28574953226286387,0.29575412814653385,0.3503098941486926,0.2260856931017677,0.2149666656492669,0.28132738056758777,0.2849515531854802,0.32711174932558235,0.21420572354935138,0.24250305435926475,0.3135765601536312,0.19525595686067684,0.29882962910334543,0.25380960815587617,0.28017708186419277,0.22240553640408264,0.29407792482010453,0.17982709022746535,0.34147446618452415,0.29407792482010453,0.17982709022746535,0.34147446618452415,0.6964333138221994,-0.4645572334820202,-0.1831415223306253,0.3031893812037756,-0.08959345393613667,0.2069181839237412,0.32547774851186484,0.24055297088992103,0.055997195050927755,0.24908724200706567,0.15357155180190551,0.12409394852140256,0.43472408395869105,0.010966228929285376,0.46439121807564404,0.3332014373427294,-0.06994354395098347,0.2540148134975372,0.2706251233918538,-0.03938048796923564,0.2064173316617299,0.3031893812037756,-0.08959345393613667,0.2396551314139445,0.3031893812037756,-0.08959345393613667,0.2396551314139445,-0.10197464038600637,0.28032128339458057,,,-0.0687435743870601,0.22328669472432397,-0.20278606812093936,-0.11348508081958786,,,0.5490910802459621,0.6093110210641498,0.5557006806862882,0.30663296592937334,0.34613221141168604,0.07692932087468375,0.29992113358973654,0.31493817151716036,0.0733775564926655,-0.30800514160016584,-0.22872945310329573,-0.1672178733427345,-0.2966548405327659,-0.5795934952981582
pax_high,-0.09041518016904655,0.5860337443784789,0.9755531701947177,0.9691254967604843,0.9705079220111109,0.9540689915039667,0.019641738063012917,0.9203383268556325,0.9141933791431569,0.9731674938420861,0.9980105775255999,1.0,0.9811739744435424,0.9380724984845279,0.9455692791561732,0.95765489638154,0.9482625528518426,0.8778578848032181,0.930983551258342,-0.8823160819548179,0.6277585484958921,-0.2774310862143803,-0.8116294145561062,-0.8146814821476862,0.9324710000971597,0.9331399981351236,0.8818848138310473,0.867776261231414,-0.7433877174158324,-0.8750963348149733,0.37139757813593005,0.9755531701947177,0.9691254967604843,0.9705079220111111,0.9540689915039667,0.01964173806301289,0.9203383268556327,0.9141933791431569,0.02756661685906783,0.6319290645929272,-0.059800359290352545,-0.22450798775705966,0.29120735287255956,0.16919386025135835,0.2850638167292885,0.29382344764694884,0.3475006152194084,0.2222914079541915,0.2103630566275501,0.2766405245039931,0.28123321772413207,0.32553178140357686,0.20433174956977132,0.24056342974836836,0.3101446754444694,0.1842297175115496,0.29692563829135266,0.24283932828831617,0.27583306910483046,0.2174005872339559,0.29120735287255956,0.16919386025135835,0.3380990263146804,0.29120735287255956,0.16919386025135835,0.3380990263146804,0.6855695819813885,-0.458902834191835,-0.18874976393486514,0.30573154446697093,-0.09194506850969507,0.2059920536309714,0.3224682532727054,0.23822388479897516,0.0601643158572732,0.24639939417447992,0.15172678768430312,0.12295935002794492,0.4334816774631928,0.006066960691827153,0.45508276519273055,0.3350579837260633,-0.07274852402228632,0.24779681452323393,0.2672069113395217,-0.03590350276164621,0.19662626868559463,0.30573154446697093,-0.09194506850969507,0.2381293345975556,0.30573154446697093,-0.09194506850969507,0.2381293345975556,-0.09227092159431888,0.26807676024922483,,,-0.06771867910414911,0.22263788582422675,-0.19952938507705964,-0.11052835502909637,,,0.5460332576613006,0.5984251398602637,0.5528309239382677,0.3185097946724505,0.35736306186846517,0.07789205299379062,0.29020057021541146,0.3064962091086349,0.07514894221892277,-0.30060315199882953,-0.22897032761379607,-0.16389543916985772,-0.29078422238372076,-0.5717440520367634
fuselage_length,-0.07882490718355674,0.5398890194526761,0.9959634028003858,0.9952749399223487,0.9946725349624763,0.9866516844189359,0.13304333065534302,0.9637234576183223,0.9255208850591273,0.9950154303992842,0.9873528766270832,0.9811739744435424,1.0,0.9768485033015433,0.9839608108603679,0.9896400235054938,0.9865373305954892,0.9141989008156067,0.9749175797264256,-0.8984560660320771,0.5893859479465571,-0.3340067887526755,-0.8603902912290068,-0.8629105520260203,0.9719133053691967,0.9645733830281722,0.8890622924040817,0.8850355609720462,-0.7423370552548174,-0.9345393171186199,0.4971328881807702,0.9959634028003859,0.9952749399223487,0.9946725349624765,0.9866516844189359,0.13304333065534296,0.9637234576183226,0.925520885059127,0.11976204297214593,0.6454969063502091,-0.04788137171464347,-0.18635898313872676,0.2989812466788944,0.17996437262910236,0.3057609038239914,0.3055952666404989,0.3694489877908991,0.24349133975853174,0.21411633586106193,0.29233113362823304,0.30326861698786983,0.34027872628487493,0.22021609834764716,0.2772447195020381,0.3163801653086063,0.19405792531032587,0.30660327179115326,0.2561519385541808,0.27972687012648495,0.22744766980822098,0.2989812466788944,0.17996437262910236,0.3546254603217115,0.2989812466788944,0.17996437262910236,0.3546254603217115,0.6980175107782091,-0.45463383678580244,-0.15937370127748948,0.30646741645230424,-0.06816368489315924,0.22088097057335604,0.34853957977643535,0.26772667090274105,0.08199792582443009,0.26253921856814866,0.17174208669404972,0.15169193372252895,0.4408473136537211,0.0348000529688245,0.48295911925374835,0.3370924727624261,-0.047970786177067584,0.26459154258627826,0.2869369120289271,-0.028763677655863604,0.22040786146902824,0.30646741645230424,-0.06816368489315924,0.25546675352982334,0.30646741645230424,-0.06816368489315924,0.25546675352982334,-0.09804411584505382,0.3179957711369807,,,-0.06974370065301476,0.21590866286673696,-0.20137214128887146,-0.1070819178037982,,,0.5618448286172657,0.6127987031557366,0.5679827142725024,0.28522629000467176,0.3241544157750677,0.07288172829824467,0.30946557487514864,0.32255308824398443,0.07005784948270218,-0.30788931957663374,-0.23521620364837892,-0.16632726469817524,-0.3006214043898174,-0.6020196196929004
fuselage_height,-0.05873625811605906,0.4989953929235086,0.9870621092049368,0.9880188594393017,0.9909391826639976,0.9871539613061949,0.24341551851964727,0.9840412527464312,0.9391214542013261,0.9808673831118706,0.9481585119062766,0.9380724984845279,0.9768485033015433,1.0,0.9980939130085738,0.9919893535368295,0.995166721370219,0.9128733399842334,0.9910877926134953,-0.9083578807267882,0.5923768795662769,-0.24376574275610105,-0.8080302906974813,-0.8081323036327029,0.9783465151366522,0.9871749513193177,0.8246538555377317,0.8171725956096193,-0.6694914765980471,-0.9632627179022059,0.5478306478500561,0.9870621092049368,0.9880188594393017,0.9909391826639976,0.987153961306195,0.2434155185196472,0.9840412527464313,0.9391214542013253,0.22897971174959356,0.5726995325610559,-0.08562474192714528,-0.12756080221469288,0.3231632577609178,0.179448325600032,0.3354677310256911,0.3147744297990767,0.36416843987580144,0.2623839001763123,0.23614170427195852,0.29611680870253193,0.3239184721662501,0.35509090734127097,0.21418955994991362,0.28197284722553473,0.33617017393973603,0.1908741940480419,0.31964472774419705,0.28457768554201773,0.26725236051831286,0.24239313449711702,0.3231632577609178,0.179448325600032,0.3704466426817465,0.3231632577609178,0.179448325600032,0.3704466426817465,0.6369779365204836,-0.46883985886752716,-0.09917402573163314,0.2786401757320058,-0.06650202252712469,0.2616964039098382,0.3265465334094235,0.247754177734344,0.11396279387500031,0.2581329081457257,0.16757069440073416,0.19509296224693828,0.4016284269059008,0.027602593160781227,0.48237745007063965,0.30722194575549255,-0.04769332964500519,0.2985430286995315,0.2785372664394214,-0.049951086504944696,0.26312717884752573,0.2786401757320058,-0.06650202252712469,0.2890013179687899,0.2786401757320058,-0.06650202252712469,0.2890013179687899,-0.09711112177243851,0.34657061566640895,,,-0.051194055771111066,0.2021655444661722,-0.20643655010927256,-0.09747819602347024,,,0.5626201456068957,0.6379609662336413,0.5679634017425348,0.25431578106004477,0.2966456435599308,0.07338740371989146,0.3143331541736871,0.33627145350564186,0.0915143625662082,-0.31694299002878107,-0.2767918630276023,-0.16159164498195705,-0.30006758422722857,-0.5960084868732873
fuselage_width,-0.06206936470444028,0.5060252376310732,0.9926780995847989,0.9942615567529135,0.9957074978235539,0.9943095040149328,0.22536098924589362,0.9835203262472255,0.9325997188862688,0.9879666240521515,0.9554569619012694,0.9455692791561732,0.9839608108603679,0.9980939130085738,1.0,0.9959392338858617,0.998639801456432,0.9270626552115914,0.9923303885483993,-0.9041190544189691,0.5989469299528123,-0.29505310265467094,-0.8367708578601886,-0.8369428110120153,0.9815532196389086,0.9835517212732575,0.8443276406496445,0.8405333962784202,-0.6906156580736685,-0.9633839823004723,0.5661704596508926,0.992678099584799,0.9942615567529137,0.9957074978235538,0.9943095040149329,0.22536098924589368,0.9835203262472261,0.9325997188862688,0.22067491475861595,0.5877955658286504,-0.0708747649208205,-0.1327265108847624,0.3133111552072145,0.16935836822950243,0.3292851070825466,0.3077280380491028,0.36331045488561015,0.25898344578783783,0.2216963431328284,0.2901014183373416,0.3251313719555247,0.34919611137078127,0.20642398931500483,0.28926124062430436,0.3272254997548349,0.18129322367168788,0.31647009706165713,0.2698478811159419,0.26290395990351256,0.23658577461089667,0.3133111552072145,0.16935836822950243,0.366694124705171,0.3133111552072145,0.16935836822950243,0.366694124705171,0.6461330337910495,-0.45502805510427297,-0.10680206237564852,0.2806719543383196,-0.0722522530956143,0.25213858208037987,0.3337787066717389,0.25560967764965,0.11094013604167635,0.25657129690986596,0.16784799302313375,0.186035049176723,0.4085464853697301,0.025207636938382957,0.4883247857266031,0.3103191236785044,-0.05278430954755637,0.29376432031177185,0.2745538907338513,-0.04883806555716531,0.2559175572042001,0.2806719543383196,-0.0722522530956143,0.28174327427041146,0.2806719543383196,-0.0722522530956143,0.28174327427041146,-0.10030106662297514,0.3489493347355001,,,-0.0590760406991432,0.2083095377549471,-0.20470717503931338,-0.10100579199415272,,,0.5711827383181787,0.6315650475079416,0.5765269304521734,0.2576775401453252,0.2994110585548639,0.06826168985799619,0.31852592531647017,0.3361773517834919,0.08195322838543079,-0.3200316450891305,-0.2618307556821252,-0.16412263748548278,-0.3033650296155144,-0.5982952451196829
wing_area,-0.06681645012184134,0.503620217599727,0.9939551068830913,0.9940352025933096,0.9965754755999641,0.9905622020894873,0.17883133988231079,0.9812745364321381,0.9406874227029984,0.9865543705096345,0.9680817634154308,0.95765489638154,0.9896400235054938,0.9919893535368295,0.9959392338858617,1.0,0.9985837600803196,0.9053369113470131,0.9913497472831364,-0.910813445164785,0.5719709774680215,-0.33075712102167976,-0.8625010796870104,-0.8625328442052818,0.9876238567755878,0.9784597518054937,0.8624975494345336,0.8742564963843553,-0.7032487681207638,-0.9698799592749413,0.5258868006716968,0.9939551068830913,0.9940352025933096,0.9965754755999641,0.9905622020894871,0.1788313398823108,0.9812745364321387,0.9406874227029982,0.18565227492498812,0.6172544228876579,-0.058018384616383006,-0.156735816203395,0.3041315215061187,0.18502937483595125,0.317577440409279,0.31111205776691553,0.3698347655748569,0.2556092139719478,0.2236787491267586,0.2954838552139604,0.319695662079971,0.343413984493236,0.22410259601585356,0.28066196343193067,0.3190400032056217,0.19753242347205474,0.31439067412803745,0.2686990484475712,0.27228151053527055,0.2412032970539419,0.3041315215061187,0.18502937483595125,0.3575151742815957,0.3041315215061187,0.18502937483595125,0.3575151742815957,0.676131872385259,-0.4568591237543841,-0.12519972341927277,0.2819249208209644,-0.07663219850909891,0.24459323445481385,0.3302035056833986,0.24948620285485273,0.09213776374683581,0.2548245107402878,0.1632862649953425,0.161273229722839,0.41388308029149545,0.023621620666736662,0.49193530518649015,0.31246652677379616,-0.05660906039960875,0.2912026298724449,0.27601818709590975,-0.053029672533833574,0.2540319863192485,0.2819249208209644,-0.07663219850909891,0.2761556291077215,0.2819249208209644,-0.07663219850909891,0.2761556291077215,-0.11107477712082052,0.34408672421688963,,,-0.06381235181981296,0.21559673560930312,-0.20445732198164351,-0.10409623364172223,,,0.5784961729734533,0.6237536132882835,0.5837489162165198,0.26143041361815966,0.3029531390780646,0.06737174606662888,0.32396434060213447,0.337798233953192,0.07365097211992834,-0.32249716017946883,-0.254000775237258,-0.16650175853744445,-0.3017869072566484,-0.5952498868369166
wing_span,-0.060387129315173205,0.4972997661306259,0.9926413016055992,0.994261386147383,0.9959984488913145,0.9936992570620419,0.1953375195616007,0.980231673594309,0.9291608438632338,0.9873535686074059,0.9588600726174347,0.9482625528518426,0.9865373305954892,0.995166721370219,0.998639801456432,0.9985837600803196,1.0,0.918679122447347,0.9911622037621454,-0.8984893591808935,0.5715245271942018,-0.32088859588292606,-0.8529418154669168,-0.8528799591796062,0.9833189635026429,0.9804948924932414,0.856159675457088,0.8566614338170422,-0.7022805168922872,-0.9698235350846324,0.5600986579245731,0.9926413016055992,0.994261386147383,0.9959984488913143,0.9936992570620419,0.1953375195616006,0.980231673594309,0.9291608438632339,0.19882832249634363,0.6042452374397261,-0.060206849821904086,-0.1441844243844223,0.3044613134647967,0.1751191075404334,0.3250798889303471,0.3061274236924063,0.3643094959991824,0.257995424985171,0.21773466748796655,0.28943131347408774,0.32291436294331505,0.3426398424043491,0.21342958966988299,0.2879918985234949,0.31900094317314864,0.18738427069366795,0.3173379436411503,0.2649061714305022,0.2655595591161646,0.2406530902839857,0.3044613134647967,0.1751191075404334,0.36375862638790996,0.3044613134647967,0.1751191075404334,0.36375862638790996,0.6615594642978199,-0.45429887721811074,-0.11600945085226379,0.27797321585443485,-0.07201702348006364,0.2485778605795224,0.3328800387596748,0.2534687323384241,0.10374104810136885,0.25677749098221636,0.16659139179362398,0.17422019017944312,0.40845228930499755,0.027140013936914367,0.4914999644844342,0.3081589282327396,-0.05220504479002622,0.29370243082300757,0.2741830299267454,-0.05062180475141523,0.25742810644469094,0.27797321585443485,-0.07201702348006364,0.27923549088568617,0.27797321585443485,-0.07201702348006364,0.27923549088568617,-0.11049958909678034,0.34780264258439586,,,-0.06281483398882776,0.21189998922767758,-0.2026895993412311,-0.10274168880396904,,,0.5797031444404077,0.6238673786873932,0.5848135061067455,0.2546257885062476,0.29639608021502695,0.0659138696191472,0.3219334812631021,0.33692653620346485,0.07612429729605148,-0.32092235426482785,-0.2571487670534991,-0.16537321546142386,-0.3024408242171291,-0.5945489700945074
